Nro.,Vehículo,Odómetro,Horómetro,Fecha,Tanqueo Full,Costo por Volumen,Cant.,Unidad,Costo Total,Tipo,
634,"101",1086986,,"06/ago./2024 17:33:18","S","24,95","20","Litros","499","DIESEL",
633,"101",1086986,,"06/ago./2024 17:29:56","S","25,38","394","Litros","9999","DIESEL",
637,"102",1023146,,"06/ago./2024 6:23:00","S","24,57","127","Litros","3120","DIESEL",
638,"110",595357,,"06/ago./2024 3:51:00","S","25,51","196","Litros","5000","DIESEL",
636,"105",492843,,"05/ago./2024 23:00:00","S","24,57","127","Litros","3120","DIESEL",
635,"107",1106110,,"05/ago./2024 16:06:00","S","24,79","115","Litros","2851","DIESEL",
609,"102",1022660,,"04/ago./2024 5:33:00","S","25,8","141","Litros","3638","DIESEL",
622,"107",1105674,,"04/ago./2024 1:13:00","S","25,86","124","Litros","3207","DIESEL",
621,"107",1105284,,"03/ago./2024 18:20:53","S","25,69","111","Litros","2852","DIESEL",
608,"102",1022194,,"03/ago./2024 15:40:20","S","26,55","132","Litros","3504","DIESEL",
629,"110",593957,,"03/ago./2024 10:56:00","S","24,89","400","Litros","9957","DIESEL",
613,"104",1041780,,"03/ago./2024 5:56:00","S","24,89","143","Litros","3559","DIESEL",
605,"101",1086040,,"03/ago./2024 4:32:49","S","25,67","63","Litros","1617","DIESEL",
604,"101",1086040,,"03/ago./2024 4:26:43","S","25,59","390","Litros","9980","DIESEL",
607,"102",1021710,,"03/ago./2024 0:05:00","S","25,69","117","Litros","3006","DIESEL",
620,"107",1104949,,"02/ago./2024 23:50:26","S","25,98","135","Litros","3507","DIESEL",
612,"104",1041377,,"02/ago./2024 18:48:30","S","25,98","139","Litros","3611","DIESEL",
628,"109",565575,,"02/ago./2024 18:41:19","S","25,29","93","Litros","2352","DIESEL",
627,"109",565575,,"02/ago./2024 18:32:51","S","25,19","397","Litros","9999","DIESEL",
619,"107",1104521,,"02/ago./2024 17:27:36","S","26,26","102","Litros","2679","DIESEL",
606,"102",1021249,,"02/ago./2024 9:54:00","S","24,99","117","Litros","2924","DIESEL",
631,"105",492389,,"02/ago./2024 9:28:03","S","26,67","120","Litros","3200","DIESEL",
630,"104",1040946,,"01/ago./2024 23:07:49","S","26,67","120","Litros","3200","DIESEL",
614,"105",492035,,"01/ago./2024 22:21:31","S","25,03","62","Litros","1552","DIESEL",
618,"107",1104091,,"01/ago./2024 21:04:09","S","25,17","133","Litros","3347","DIESEL",
624,"108",1142707,,"01/ago./2024 14:39:53","S","25,26","112","Litros","2829","DIESEL",
611,"104",1040593,,"01/ago./2024 13:39:00","S","24,86","152","Litros","3779","DIESEL",
617,"107",1103678,,"01/ago./2024 7:13:09","S","26,04","117","Litros","3047","DIESEL",
632,"107",1103598,,"01/ago./2024 5:50:22","S","26,6","40","Litros","1064","DIESEL",
616,"107",1103226,,"31/jul./2024 23:59:05","S","26,79","112","Litros","3000","DIESEL",
626,"109",564719,,"31/jul./2024 21:59:12","S","25,64","86","Litros","2205","DIESEL",
625,"109",564719,,"31/jul./2024 21:51:43","S","25,57","391","Litros","9999","DIESEL",
623,"108",1142301,,"31/jul./2024 19:50:57","S","25,87","99","Litros","2561","DIESEL",
610,"104",1040190,,"31/jul./2024 17:27:57","S","25,79","160","Litros","4126","DIESEL",
615,"107",1102807,,"31/jul./2024 15:51:00","S","23,8","114","Litros","2713","DIESEL",
603,"101",1084970,,"31/jul./2024 15:42:13","S","25,18","165","Litros","4154","DIESEL",
602,"101",1084970,,"31/jul./2024 15:35:17","S","25,19","397","Litros","9999","DIESEL",
586,"110",593136,,"31/jul./2024 3:15:56","S","26,01","145","Litros","3771","DIESEL",
585,"110",593136,,"31/jul./2024 3:10:31","S","25,97","385","Litros","9999","DIESEL",
584,"108",1141914,,"31/jul./2024 2:15:11","S","26,67","120","Litros","3200","DIESEL",
583,"104",1039769,,"31/jul./2024 2:07:39","S","26,51","83","Litros","2200","DIESEL",
582,"107",1102572,,"30/jul./2024 23:17:44","S","26,23","122","Litros","3200","DIESEL",
581,"107",1102316,,"30/jul./2024 18:54:00","S","26,97","79","Litros","2131","DIESEL",
580,"108",1141546,,"30/jul./2024 16:27:43","S","25,14","59","Litros","1483","DIESEL",
579,"102",1020844,,"30/jul./2024 15:44:10","S","25,87","146","Litros","3777","DIESEL",
578,"104",1039397,,"30/jul./2024 14:46:33","S","25,25","77","Litros","1944","DIESEL",
577,"107",1101872,,"30/jul./2024 10:55:22","S","26,51","83","Litros","2200","DIESEL",
601,"105",491910,,"30/jul./2024 0:29:41","S","25,19","100","Litros","2519","DIESEL",
576,"102",1020411,,"29/jul./2024 23:14:50","S","26,58","76","Litros","2020","DIESEL",
600,"104",1039362,,"29/jul./2024 15:58:02","S","25,19","160","Litros","4030","DIESEL",
575,"107",1101502,,"29/jul./2024 14:52:38","S","25,21","127","Litros","3202","DIESEL",
599,"101",1083666,,"29/jul./2024 9:26:35","S","24,46","65","Litros","1590","DIESEL",
598,"101",1083666,,"29/jul./2024 9:18:40","S","24,57","407","Litros","9999","DIESEL",
574,"109",563739,,"29/jul./2024 8:48:34","S","25","58","Litros","1450","DIESEL",
573,"109",563739,,"29/jul./2024 8:37:53","S","25,19","397","Litros","9999","DIESEL",
597,"106",459808,,"28/jul./2024 15:23:00","S","25,85","130","Litros","3361","DIESEL",
596,"110",592039,,"28/jul./2024 14:27:00","S","25,77","150","Litros","3866","DIESEL",
595,"110",592039,,"28/jul./2024 14:20:00","S","25,75","388","Litros","9990","DIESEL",
572,"104",1038937,,"28/jul./2024 2:07:00","S","25,85","160","Litros","4136","DIESEL",
571,"104",1038555,,"27/jul./2024 19:56:08","S","25,59","160","Litros","4094","DIESEL",
594,"101",1082606,,"27/jul./2024 7:54:49","S","25,19","397","Litros","9999","DIESEL",
570,"104",1038091,,"27/jul./2024 3:21:00","S","25,73","153","Litros","3937","DIESEL",
593,"102",1020054,,"27/jul./2024 3:13:00","S","24,87","93","Litros","2313","DIESEL",
592,"105",491480,,"27/jul./2024 0:33:00","S","25,85","110","Litros","2844","DIESEL",
569,"102",1019653,,"26/jul./2024 16:35:18","S","25,68","116","Litros","2979","DIESEL",
568,"104",1037618,,"26/jul./2024 14:24:08","S","25,05","85","Litros","2129","DIESEL",
567,"107",1101086,,"26/jul./2024 13:30:56","S","25,72","121","Litros","3112","DIESEL",
566,"107",1100951,,"26/jul./2024 11:26:55","S","26,2","30","Litros","786","DIESEL",
591,"106",459377,,"26/jul./2024 11:18:25","S","25,2","50","Litros","1260","DIESEL",
590,"105",491019,,"26/jul./2024 1:55:47","S","26,59","130","Litros","3457","DIESEL",
589,"102",1019276,,"25/jul./2024 22:45:12","S","26,58","76","Litros","2020","DIESEL",
565,"107",1100935,,"25/jul./2024 22:35:43","S","26,58","76","Litros","2020","DIESEL",
564,"105",490592,,"25/jul./2024 14:38:35","S","26,01","70","Litros","1821","DIESEL",
588,"101",1081687,,"25/jul./2024 12:35:44","S","24,56","371","Litros","9113","DIESEL",
563,"102",1018926,,"25/jul./2024 11:16:00","S","24,73","64","Litros","1583","DIESEL",
562,"105",490135,,"25/jul./2024 0:44:33","S","25,1","125","Litros","3138","DIESEL",
587,"106",459215,,"25/jul./2024 0:24:44","S","25,29","87","Litros","2200","DIESEL",
561,"109",562893,,"24/jul./2024 11:27:05","S","25,49","90","Litros","2294","DIESEL",
560,"109",562893,,"24/jul./2024 11:17:43","S","25,49","383","Litros","9762","DIESEL",
559,"104",1037517,,"23/jul./2024 22:20:00","S","24,79","160","Litros","3966","DIESEL",
558,"101",1080672,,"23/jul./2024 18:09:51","S","25,62","21","Litros","538","DIESEL",
557,"101",1080672,,"23/jul./2024 18:06:01","S","25,19","397","Litros","9999","DIESEL",
556,"107",1100326,,"23/jul./2024 15:41:36","S","25,23","60","Litros","1514","DIESEL",
555,"108",1141366,,"23/jul./2024 13:33:01","S","25,16","77","Litros","1937","DIESEL",
554,"102",1018722,,"23/jul./2024 12:53:00","S","24,68","106","Litros","2616","DIESEL",
553,"102",1018301,,"23/jul./2024 0:41:00","S","25,84","105","Litros","2713","DIESEL",
552,"102",1017917,,"22/jul./2024 16:24:02","S","25,52","142","Litros","3624","DIESEL",
550,"102",1017399,,"21/jul./2024 17:22:00","S","25,67","129","Litros","3312","DIESEL",
549,"109",561913,,"21/jul./2024 17:03:22","S","25,21","110","Litros","2773","DIESEL",
548,"109",561913,,"21/jul./2024 16:57:36","S","25,19","397","Litros","9999","DIESEL",
547,"104",1037064,,"21/jul./2024 3:30:00","S","25,82","160","Litros","4131","DIESEL",
546,"108",1141311,,"20/jul./2024 11:33:03","S","24,35","68","Litros","1656","DIESEL",
545,"110",590975,,"20/jul./2024 4:20:01","S","25,99","150","Litros","3899","DIESEL",
544,"110",590975,,"20/jul./2024 4:13:28","S","25,97","385","Litros","9999","DIESEL",
543,"108",1140917,,"19/jul./2024 20:54:29","S","25,73","125","Litros","3216","DIESEL",
542,"104",1036643,,"19/jul./2024 13:31:35","S","24,59","160","Litros","3934","DIESEL",
541,"108",1140552,,"18/jul./2024 23:53:53","S","26,79","56","Litros","1500","DIESEL",
540,"104",1036107,,"18/jul./2024 21:48:00","S","25,68","160","Litros","4109","DIESEL",
551,"107",1100177,,"18/jul./2024 20:13:22","S","25,34","120","Litros","3041","DIESEL",
539,"107",1099829,,"18/jul./2024 16:27:00","S","24,59","61","Litros","1500","DIESEL",
538,"108",1140124,,"18/jul./2024 15:52:34","S","24,36","78","Litros","1900","DIESEL",
537,"106",458959,,"18/jul./2024 5:49:49","S","24,44","45","Litros","1100","DIESEL",
536,"104",1035649,,"17/jul./2024 21:54:00","S","24,79","160","Litros","3966","DIESEL",
535,"109",561057,,"17/jul./2024 20:26:13","S","25,46","90","Litros","2291","DIESEL",
534,"109",561057,,"17/jul./2024 20:17:39","S","25,57","391","Litros","9999","DIESEL",
533,"101",1079761,,"17/jul./2024 15:52:32","S","25,58","43","Litros","1100","DIESEL",
532,"101",1079761,,"17/jul./2024 15:47:12","S","25,57","391","Litros","9999","DIESEL",
531,"107",1099472,,"17/jul./2024 15:21:46","S","25,75","69","Litros","1777","DIESEL",
530,"102",1016882,,"17/jul./2024 10:48:00","S","24,72","47","Litros","1162","DIESEL",
529,"105",489840,,"17/jul./2024 0:44:43","S","25,59","100","Litros","2559","DIESEL",
528,"110",589853,,"16/jul./2024 18:23:23","S","25,68","60","Litros","1541","DIESEL",
527,"110",589853,,"16/jul./2024 18:16:22","S","25,57","391","Litros","9999","DIESEL",
526,"108",1140112,,"16/jul./2024 13:26:01","S","25,13","24","Litros","603","DIESEL",
525,"108",1140112,,"16/jul./2024 13:20:19","S","25,38","16","Litros","406","DIESEL",
524,"106",458797,,"16/jul./2024 12:14:29","S","25,68","119","Litros","3056","DIESEL",
523,"109",560066,,"16/jul./2024 12:06:03","S","25,63","98","Litros","2512","DIESEL",
522,"109",560066,,"16/jul./2024 11:57:41","S","25,57","391","Litros","9999","DIESEL",
521,"106",458263,,"15/jul./2024 18:51:00","S","25,81","125","Litros","3226","DIESEL",
515,"106",457775,,"15/jul./2024 10:03:52","S","26,69","115","Litros","3069","DIESEL",
514,"106",457301,,"14/jul./2024 16:30:49","S","26,03","38","Litros","989","DIESEL",
513,"106",457301,,"14/jul./2024 16:20:22","S","25,87","70","Litros","1811","DIESEL",
520,"109",559199,,"14/jul./2024 14:43:54","S","25,61","102","Litros","2612","DIESEL",
519,"109",559199,,"14/jul./2024 14:29:42","S","25,57","391","Litros","9999","DIESEL",
512,"101",1078594,,"12/jul./2024 15:53:05","S","25,58","369","Litros","9439","DIESEL",
511,"106",456871,,"12/jul./2024 12:23:17","S","25,5","98","Litros","2499","DIESEL",
510,"109",558182,,"12/jul./2024 8:09:00","S","24,78","423","Litros","10484","DIESEL",
509,"105",489418,,"11/jul./2024 20:49:00","S","25,78","115","Litros","2965","DIESEL",
508,"104",1035201,,"11/jul./2024 17:25:51","S","25,99","160","Litros","4158","DIESEL",
507,"105",489037,,"11/jul./2024 13:06:02","S","25,59","130","Litros","3327","DIESEL",
506,"105",488532,,"10/jul./2024 23:19:54","S","25,77","97","Litros","2500","DIESEL",
505,"104",1034768,,"10/jul./2024 23:10:11","S","26,51","83","Litros","2200","DIESEL",
504,"104",1034462,,"10/jul./2024 17:49:00","S","25,52","69","Litros","1761","DIESEL",
518,"102",1016761,,"10/jul./2024 17:38:00","S","24,79","123","Litros","3049","DIESEL",
503,"108",1140074,,"10/jul./2024 17:01:46","S","24,69","81","Litros","2000","DIESEL",
502,"107",1099331,,"10/jul./2024 15:36:09","S","25,65","91","Litros","2334","DIESEL",
501,"105",488041,,"10/jul./2024 15:11:40","S","24,69","81","Litros","2000","DIESEL",
517,"101",1077729,,"10/jul./2024 12:42:01","S","25","30","Litros","750","DIESEL",
516,"101",1077729,,"10/jul./2024 12:32:27","S","24,69","405","Litros","9999","DIESEL",
500,"107",1099127,,"10/jul./2024 11:51:23","S","24,76","84","Litros","2080","DIESEL",
494,"107",1098766,,"09/jul./2024 23:54:00","S","25,83","148","Litros","3823","DIESEL",
493,"105",488041,,"09/jul./2024 14:04:06","S","24,69","81","Litros","2000","DIESEL",
492,"109",557341,,"09/jul./2024 13:44:50","S","25,5","100","Litros","2550","DIESEL",
491,"109",557341,,"09/jul./2024 13:38:34","S","25,51","392","Litros","9999","DIESEL",
490,"107",1098272,,"09/jul./2024 13:25:14","S","26,65","135","Litros","3598","DIESEL",
499,"102",1016148,,"09/jul./2024 5:46:00","S","25,84","158","Litros","4082","DIESEL",
489,"107",1097825,,"08/jul./2024 19:01:00","S","25,68","136","Litros","3492","DIESEL",
488,"106",456497,,"08/jul./2024 17:08:52","S","25,49","103","Litros","2625","DIESEL",
487,"104",1034378,,"08/jul./2024 15:53:07","S","25,59","160","Litros","4094","DIESEL",
498,"102",1015257,,"08/jul./2024 10:59:14","S","26,53","117","Litros","3104","DIESEL",
486,"107",1097344,,"08/jul./2024 5:01:54","S","25,59","131","Litros","3352","DIESEL",
497,"102",1015226,,"07/jul./2024 16:14:00","S","25,58","153","Litros","3913","DIESEL",
496,"110",588977,,"06/jul./2024 21:53:33","S","26","75","Litros","1950","DIESEL",
495,"110",588977,,"06/jul./2024 21:47:21","S","25,97","385","Litros","9999","DIESEL",
485,"101",1076619,,"06/jul./2024 16:08:07","S","25,2","25","Litros","630","DIESEL",
484,"101",1076619,,"06/jul./2024 16:04:34","S","25,57","391","Litros","9999","DIESEL",
483,"102",1014742,,"05/jul./2024 14:30:06","S","25,4","75","Litros","1905","DIESEL",
482,"107",1096931,,"05/jul./2024 14:19:45","S","25,98","160","Litros","4157","DIESEL",
481,"101",1075714,,"05/jul./2024 12:30:30","S","25,57","103","Litros","2634","DIESEL",
480,"101",1075714,,"05/jul./2024 12:25:10","S","25,49","390","Litros","9941","DIESEL",
479,"109",556272,,"05/jul./2024 6:32:42","S","25,51","392","Litros","9999","DIESEL",
478,"104",1033897,,"05/jul./2024 4:33:00","S","25,79","160","Litros","4126","DIESEL",
477,"107",1096492,,"05/jul./2024 0:08:37","S","26,67","75","Litros","2000","DIESEL",
476,"104",1033517,,"04/jul./2024 19:48:46","S","25,55","160","Litros","4088","DIESEL",
475,"102",1014716,,"04/jul./2024 18:19:37","S","24,57","61","Litros","1499","DIESEL",
474,"107",1096101,,"04/jul./2024 15:06:25","S","24,51","37","Litros","907","DIESEL",
473,"110",587894,,"04/jul./2024 1:33:00","S","25,26","31","Litros","783","DIESEL",
472,"110",587894,,"04/jul./2024 1:26:00","S","25,62","600","Litros","15372","DIESEL",
471,"104",1032928,,"03/jul./2024 21:22:00","S","25,62","160","Litros","4099","DIESEL",
470,"104",1032465,,"03/jul./2024 6:32:00","S","24,79","160","Litros","3966","DIESEL",
469,"105",487568,,"03/jul./2024 5:11:00","S","25,78","119","Litros","3068","DIESEL",
468,"109",555407,,"02/jul./2024 16:40:56","S","25,39","270","Litros","6856","DIESEL",
467,"109",555407,,"02/jul./2024 16:31:00","S","25,38","394","Litros","9999","DIESEL",
466,"106",456040,,"02/jul./2024 13:48:48","N","25,96","115","Litros","2985","DIESEL",
465,"105",487078,,"02/jul./2024 11:27:02","S","26,39","130","Litros","3431","DIESEL",
464,"106",455620,,"02/jul./2024 5:06:57","N","26,88","93","Litros","2500","DIESEL",
463,"105",486613,,"01/jul./2024 20:49:06","S","25,77","97","Litros","2500","DIESEL",
462,"106",455189,,"01/jul./2024 16:45:00","N","23,42","117","Litros","2740","DIESEL",
461,"107",1096078,,"01/jul./2024 13:26:16","N","24,99","137","Litros","3423","DIESEL",
460,"105",486151,,"01/jul./2024 10:52:41","S","24,94","85","Litros","2120","DIESEL",
459,"104",1032174,,"01/jul./2024 5:44:26","S","25,98","160","Litros","4157","DIESEL",
458,"106",454749,,"01/jul./2024 2:34:28","N","26,04","96","Litros","2500","DIESEL",
457,"106",454272,,"30/jun./2024 17:58:16","N","26,32","95","Litros","2500","DIESEL",
456,"104",1031562,,"30/jun./2024 16:52:18","S","25,29","160","Litros","4046","DIESEL",
455,"103",773039,,"30/jun./2024 10:10:07","N","25,61","211","Litros","5404","DIESEL",
454,"103",772860,,"30/jun./2024 6:49:21","N","25,54","37","Litros","945","DIESEL",
453,"101",1074611,,"29/jun./2024 23:20:51","S","24,97","62","Litros","1548","DIESEL",
452,"101",1074611,,"29/jun./2024 23:16:48","S","24,99","400","Litros","9996","DIESEL",
451,"102",1014298,,"29/jun./2024 18:59:26","N","26,07","107","Litros","2790","DIESEL",
450,"105",485729,,"29/jun./2024 6:49:00","S","25,63","120","Litros","3076","DIESEL",
449,"106",453909,,"29/jun./2024 6:18:42","N","24,9","103","Litros","2565","DIESEL",
448,"104",1031092,,"29/jun./2024 4:01:00","S","25,59","128","Litros","3276","DIESEL",
447,"110",586527,,"29/jun./2024 2:09:31","S","25,9","386","Litros","9999","DIESEL",
446,"102",1013941,,"29/jun./2024 1:24:45","N","26,36","110","Litros","2900","DIESEL",
445,"104",1030674,,"28/jun./2024 19:00:00","S","25,65","120","Litros","3078","DIESEL",
444,"105",485289,,"28/jun./2024 18:53:17","S","26,39","130","Litros","3431","DIESEL",
443,"106",453500,,"28/jun./2024 17:56:55","N","25,93","128","Litros","3319","DIESEL",
442,"103",772310,,"28/jun./2024 13:09:24","N","26,01","149","Litros","3875","DIESEL",
441,"105",484384,,"28/jun./2024 5:48:59","N","25,64","117","Litros","3000","DIESEL",
440,"108",1139666,,"28/jun./2024 5:36:53","N","25,07","61","Litros","1529","DIESEL",
439,"106",453075,,"28/jun./2024 2:54:37","N","26,36","110","Litros","2900","DIESEL",
438,"106",452710,,"27/jun./2024 18:02:57","N","24,95","121","Litros","3019","DIESEL",
423,"103",771851,,"27/jun./2024 17:25:00","N","25,58","161","Litros","4118","DIESEL",
437,"105",484313,,"27/jun./2024 15:49:00","N","24,92","116","Litros","2891","DIESEL",
422,"101",1074017,,"27/jun./2024 12:33:19","N","24,25","234","Litros","5674","DIESEL",
421,"101",1074017,,"27/jun./2024 12:25:04","N","24,27","412","Litros","9999","DIESEL",
420,"102",1013510,,"27/jun./2024 0:30:05","N","25,04","157","Litros","3931","DIESEL",
436,"107",1096028,,"26/jun./2024 18:32:32","N","25,02","96","Litros","2402","DIESEL",
435,"108",1139413,,"26/jun./2024 16:53:02","N","24,95","116","Litros","2894","DIESEL",
419,"104",1030258,,"26/jun./2024 16:50:43","N","24,99","160","Litros","3998","DIESEL",
418,"110",585692,,"26/jun./2024 7:09:00","N","25,57","115","Litros","2941","DIESEL",
417,"110",585692,,"26/jun./2024 6:57:00","N","25,55","391","Litros","9990","DIESEL",
434,"106",452205,,"26/jun./2024 6:48:07","N","25,58","86","Litros","2200","DIESEL",
433,"109",554287,,"26/jun./2024 2:31:00","S","24,62","336","Litros","8273","DIESEL",
432,"106",451729,,"25/jun./2024 17:42:02","N","26,31","122","Litros","3210","DIESEL",
416,"103",771021,,"25/jun./2024 15:07:57","N","24,95","230","Litros","5739","DIESEL",
415,"109",553478,,"25/jun./2024 10:06:07","S","25,3","30","Litros","759","DIESEL",
414,"109",553478,,"25/jun./2024 10:00:55","S","25,29","390","Litros","9863","DIESEL",
413,"102",1012910,,"25/jun./2024 6:36:00","N","25,56","113","Litros","2888","DIESEL",
412,"102",1012526,,"24/jun./2024 20:59:05","N","25,29","69","Litros","1745","DIESEL",
431,"108",1138950,,"24/jun./2024 19:35:46","N","26,15","46","Litros","1203","DIESEL",
411,"102",1012496,,"24/jun./2024 19:15:09","N","25,64","117","Litros","3000","DIESEL",
430,"106",451186,,"24/jun./2024 17:05:54","N","25,71","108","Litros","2777","DIESEL",
429,"108",1138776,,"24/jun./2024 16:44:04","N","26,19","84","Litros","2200","DIESEL",
410,"105",484113,,"24/jun./2024 14:55:32","N","24,99","119","Litros","2974","DIESEL",
428,"108",1138582,,"23/jun./2024 22:32:34","N","26,17","107","Litros","2800","DIESEL",
409,"104",1029799,,"23/jun./2024 22:17:17","N","25,99","160","Litros","4158","DIESEL",
408,"102",1011914,,"23/jun./2024 17:54:00","N","25,59","140","Litros","3583","DIESEL",
407,"103",770561,,"22/jun./2024 22:31:00","N","25,53","80","Litros","2042","DIESEL",
406,"104",1029463,,"22/jun./2024 21:49:12","N","26,23","122","Litros","3200","DIESEL",
405,"104",1029078,,"22/jun./2024 11:58:00","N","24,59","160","Litros","3934","DIESEL",
404,"103",770097,,"22/jun./2024 11:21:22","N","26,43","239","Litros","6317","DIESEL",
403,"110",584623,,"22/jun./2024 3:00:44","N","25,89","35","Litros","906","DIESEL",
402,"110",584623,,"22/jun./2024 2:53:42","N","25,9","386","Litros","9999","DIESEL",
427,"109",552498,,"21/jun./2024 21:43:56","S","25,03","325","Litros","8134","DIESEL",
426,"109",552498,,"21/jun./2024 21:32:02","S","24,99","400","Litros","9996","DIESEL",
401,"104",1028673,,"21/jun./2024 15:22:35","N","25,99","160","Litros","4158","DIESEL",
425,"108",1138220,,"21/jun./2024 15:10:37","N","25,07","116","Litros","2908","DIESEL",
424,"106",450761,,"21/jun./2024 14:22:14","N","24,8","60","Litros","1488","DIESEL",
400,"102",1011430,,"21/jun./2024 14:10:32","N","24,71","41","Litros","1013","DIESEL",
399,"107",1095821,,"21/jun./2024 1:59:56","N","24,9","125","Litros","3112","DIESEL",
398,"104",1028312,,"20/jun./2024 22:21:27","N","25,74","101","Litros","2600","DIESEL",
397,"107",1095387,,"20/jun./2024 12:30:00","N","25,51","118","Litros","3010","DIESEL",
392,"108",1137687,,"19/jun./2024 23:00:00","N","25,51","93","Litros","2372","DIESEL",
391,"104",1027953,,"19/jun./2024 21:09:00","N","24,59","140","Litros","3443","DIESEL",
394,"101",1071733,,"19/jun./2024 19:16:26","N","24,96","110","Litros","2746","DIESEL",
393,"101",1071733,,"19/jun./2024 19:09:23","N","24,99","400","Litros","9996","DIESEL",
395,"101",1071732,,"19/jun./2024 19:02:42","N","24,99","400","Litros","9996","DIESEL",
390,"107",1094958,,"19/jun./2024 15:02:12","N","24,1","145","Litros","3495","DIESEL",
389,"108",1137302,,"19/jun./2024 14:45:53","N","25,2","116","Litros","2923","DIESEL",
388,"104",1027567,,"19/jun./2024 13:19:21","N","25,74","151","Litros","3887","DIESEL",
383,"103",769190,,"19/jun./2024 8:07:00","N","24,57","155","Litros","3808","DIESEL",
387,"110",582979,,"19/jun./2024 2:53:00","N","25,57","160","Litros","4091","DIESEL",
386,"110",582979,,"19/jun./2024 2:39:00","N","25,55","391","Litros","9990","DIESEL",
382,"104",1027428,,"19/jun./2024 1:02:59","N","26,67","75","Litros","2000","DIESEL",
381,"103",768785,,"18/jun./2024 18:52:29","N","25,8","172","Litros","4438","DIESEL",
380,"104",1026937,,"18/jun./2024 18:25:00","N","26,1","160","Litros","4176","DIESEL",
379,"107",1094404,,"18/jun./2024 18:19:00","N","25,43","126","Litros","3204","DIESEL",
384,"102",1011336,,"18/jun./2024 13:21:11","N","24,84","62","Litros","1540","DIESEL",
378,"107",1093929,,"18/jun./2024 2:53:57","N","25,04","67","Litros","1678","DIESEL",
377,"108",1136871,,"17/jun./2024 23:55:07","N","25,62","156","Litros","3997","DIESEL",
376,"104",1026702,,"17/jun./2024 22:40:42","N","25,92","119","Litros","3084","DIESEL",
375,"103",768363,,"17/jun./2024 20:11:12","N","25,88","85","Litros","2200","DIESEL",
396,"104",1026495,,"17/jun./2024 18:05:00","N","25,49","43,25","Litros","1102,44","DIESEL",
385,"106",450130,,"17/jun./2024 17:08:54","N","25,09","111","Litros","2785","DIESEL",
374,"103",767983,,"17/jun./2024 11:55:00","N","24,56","195","Litros","4790","DIESEL",
372,"110",582766,,"15/jun./2024 21:59:13","N","25,57","391","Litros","9999","DIESEL",
371,"105",483960,,"15/jun./2024 10:47:58","N","24,99","100","Litros","2499","DIESEL",
373,"108",1136145,,"15/jun./2024 9:14:00","S","24,59","34,63","Litros","851,47","DIESEL",
370,"104",1025932,,"15/jun./2024 9:12:00","N","24,59","160","Litros","3934","DIESEL",
369,"110",581999,,"14/jun./2024 21:35:00","N","25,2","190","Litros","4788","DIESEL",
368,"110",581999,,"14/jun./2024 21:22:00","N","25,23","396","Litros","9990","DIESEL",
367,"101",1071536,,"14/jun./2024 12:51:47","N","24","49","Litros","1176","DIESEL",
366,"101",1071536,,"14/jun./2024 12:47:17","N","23,97","415","Litros","9948","DIESEL",
362,"105",483583,,"14/jun./2024 2:42:25","N","24,85","110","Litros","2734","DIESEL",
361,"103",767471,,"13/jun./2024 22:11:00","N","25,52","142","Litros","3624","DIESEL",
360,"104",1025511,,"13/jun./2024 21:27:00","N","24,63","133","Litros","3276","DIESEL",
359,"108",1136124,,"13/jun./2024 16:23:40","N","24,68","114","Litros","2813","DIESEL",
358,"103",767081,,"13/jun./2024 15:42:34","N","24,95","177","Litros","4416","DIESEL",
357,"103",766540,,"12/jun./2024 22:29:00","N","25,51","78","Litros","1990","DIESEL",
356,"103",766540,,"12/jun./2024 22:11:00","N","25,49","74","Litros","1886","DIESEL",
355,"106",450116,,"12/jun./2024 15:50:44","N","24,69","86","Litros","2123","DIESEL",
354,"107",1093853,,"12/jun./2024 15:33:51","N","24,68","60","Litros","1481","DIESEL",
353,"103",766085,,"12/jun./2024 6:37:00","N","24,58","246","Litros","6047","DIESEL",
352,"105",483074,,"11/jun./2024 21:17:00","N","25,52","130","Litros","3318","DIESEL",
351,"110",580960,,"11/jun./2024 19:17:12","N","25,62","45","Litros","1153","DIESEL",
350,"110",580960,,"11/jun./2024 19:11:54","N","25,57","391","Litros","9999","DIESEL",
365,"101",1070395,,"11/jun./2024 17:37:15","N","24,89","45","Litros","1120","DIESEL",
364,"101",1070395,,"11/jun./2024 17:35:00","N","24,69","394","Litros","9728","DIESEL",
349,"105",482542,,"11/jun./2024 9:33:08","N","25,79","130","Litros","3353","DIESEL",
363,"105",482001,,"10/jun./2024 15:09:29","N","25,64","117","Litros","3000","DIESEL",
346,"105",481592,,"08/jun./2024 11:33:27","N","24,52","58","Litros","1422","DIESEL",
345,"105",481454,,"07/jun./2024 0:45:00","N","24,6","109","Litros","2681","DIESEL",
344,"103",765547,,"06/jun./2024 22:55:00","N","25,52","164","Litros","4185","DIESEL",
343,"110",579892,,"06/jun./2024 20:02:16","N","24,8","30","Litros","744","DIESEL",
342,"110",579892,,"06/jun./2024 19:55:35","N","24,81","403","Litros","9999","DIESEL",
348,"103",765100,,"06/jun./2024 12:30:23","N","25,22","155","Litros","3909","DIESEL",
341,"104",1025265,,"06/jun./2024 11:34:24","N","24,79","160","Litros","3966","DIESEL",
347,"108",1135837,,"06/jun./2024 11:25:52","N","24,74","113","Litros","2796","DIESEL",
340,"105",481110,,"06/jun./2024 1:35:29","N","24,79","110","Litros","2727","DIESEL",
339,"103",764644,,"05/jun./2024 20:22:00","N","25,48","132","Litros","3363","DIESEL",
338,"109",552009,,"05/jun./2024 18:31:00","S","24,59","665","Litros","16353","DIESEL",
331,"103",764181,,"05/jun./2024 10:57:00","S","24,65","187","Litros","4609","DIESEL",
337,"110",579125,,"05/jun./2024 7:27:25","N","25,67","82","Litros","2105","DIESEL",
336,"110",579125,,"05/jun./2024 7:19:07","N","25,58","389","Litros","9949","DIESEL",
335,"101",1068420,,"04/jun./2024 15:35:38","N","24,2","41","Litros","992","DIESEL",
334,"101",1068420,,"04/jun./2024 15:30:12","N","24,31","411","Litros","9990","DIESEL",
333,"101",1068420,,"04/jun./2024 15:00:07","N","24,31","411","Litros","9990","DIESEL",
330,"104",1024828,,"04/jun./2024 0:58:00","S","25,72","160","Litros","4115","DIESEL",
329,"104",1024508,,"03/jun./2024 19:09:40","S","25,69","160","Litros","4110","DIESEL",
328,"106",449867,,"03/jun./2024 17:47:43","S","24,98","66","Litros","1649","DIESEL",
327,"102",1011189,,"03/jun./2024 13:45:01","S","25,65","149","Litros","3822","DIESEL",
326,"108",1135403,,"02/jun./2024 18:46:00","S","25,79","142","Litros","3662","DIESEL",
325,"104",1024085,,"02/jun./2024 17:08:43","S","25,69","160","Litros","4110","DIESEL",
324,"108",1134884,,"01/jun./2024 6:19:50","S","26,04","139","Litros","3619","DIESEL",
323,"102",1010617,,"01/jun./2024 3:08:00","S","25,76","78","Litros","2009","DIESEL",
322,"102",1010292,,"31/may./2024 17:56:32","S","25,59","116","Litros","2968","DIESEL",
321,"104",1023449,,"31/may./2024 15:18:00","S","23,99","160","Litros","3838","DIESEL",
314,"104",1022918,,"31/may./2024 1:54:00","S","25,72","160","Litros","4115","DIESEL",
313,"110",578033,,"30/may./2024 22:21:29","S","25","20","Litros","500","DIESEL",
312,"110",578033,,"30/may./2024 22:16:37","S","24,99","400","Litros","9996","DIESEL",
311,"104",1022537,,"30/may./2024 18:57:05","S","24,99","160","Litros","3998","DIESEL",
310,"108",1134391,,"30/may./2024 17:51:00","S","25,4","94","Litros","2388","DIESEL",
309,"103",763699,,"30/may./2024 14:11:30","S","25,43","160","Litros","4069","DIESEL",
308,"102",1009874,,"30/may./2024 6:58:30","S","25,69","144","Litros","3699","DIESEL",
319,"109",549335,,"29/may./2024 23:41:59","S","24,99","400","Litros","9996","DIESEL",
304,"103",763324,,"29/may./2024 21:53:00","N","25,59","80,81","Litros","2068","DIESEL",
307,"104",1021998,,"29/may./2024 20:54:00","S","25,49","145","Litros","3696","DIESEL",
318,"108",1134378,,"29/may./2024 16:30:16","S","24,94","125","Litros","3118","DIESEL",
306,"102",1009226,,"29/may./2024 13:41:51","S","24,93","142","Litros","3540","DIESEL",
317,"101",1065017,,"29/may./2024 11:37:37","S","25,11","47","Litros","1180","DIESEL",
316,"101",1065017,,"29/may./2024 11:33:09","S","24,99","400","Litros","9996","DIESEL",
315,"101",1065017,,"29/may./2024 11:26:33","S","24,99","400","Litros","9996","DIESEL",
305,"103",762972,,"29/may./2024 10:45:00","S","24,65","173","Litros","4265","DIESEL",
299,"104",1021536,,"29/may./2024 7:09:00","S","24,59","61","Litros","1500","DIESEL",
298,"106",449689,,"28/may./2024 17:08:24","S","24,9","89","Litros","2216","DIESEL",
303,"109",548564,,"28/may./2024 13:36:00","S","25,21","185","Litros","4664","DIESEL",
302,"109",548564,,"28/may./2024 13:25:00","S","25,23","396","Litros","9990","DIESEL",
301,"108",1133462,,"28/may./2024 7:21:00","S","25,71","106","Litros","2725","DIESEL",
297,"110",577132,,"28/may./2024 2:22:36","S","25,69","84","Litros","2158","DIESEL",
296,"110",577132,,"28/may./2024 2:14:09","S","25,7","389","Litros","9999","DIESEL",
300,"108",1133076,,"27/may./2024 23:46:19","S","24,99","160","Litros","3998","DIESEL",
280,"105",480854,,"27/may./2024 19:57:00","N","24,99","74,55","Litros","1863,05","DIESEL",
287,"108",1132545,,"26/may./2024 18:13:00","S","25,38","121","Litros","3071","DIESEL",
289,"110",576038,,"25/may./2024 9:28:23","S","24,95","301","Litros","7511","DIESEL",
288,"110",576038,,"25/may./2024 9:18:09","S","24,99","400","Litros","9996","DIESEL",
283,"103",762520,,"25/may./2024 5:20:00","S","25,69","176","Litros","4522","DIESEL",
295,"109",548318,,"25/may./2024 2:16:03","S","25","50","Litros","1250","DIESEL",
294,"109",548318,,"25/may./2024 2:10:25","S","24,99","400","Litros","9996","DIESEL",
285,"104",1021438,,"24/may./2024 23:33:00","S","23,99","160","Litros","3838","DIESEL",
282,"103",762078,,"24/may./2024 16:17:48","S","25,16","217","Litros","5460","DIESEL",
284,"104",1021027,,"24/may./2024 11:47:00","S","25,72","160","Litros","4115","DIESEL",
293,"108",1132073,,"24/may./2024 7:16:34","S","25,09","82","Litros","2057","DIESEL",
281,"103",762038,,"24/may./2024 6:24:04","S","25,74","101","Litros","2600","DIESEL",
291,"101",1064434,,"24/may./2024 2:43:16","S","24,99","236","Litros","5897","DIESEL",
290,"101",1064434,,"24/may./2024 2:36:23","S","24,99","400","Litros","9996","DIESEL",
286,"106",449665,,"24/may./2024 2:02:49","S","24,24","66","Litros","1600","DIESEL",
292,"105",480743,,"24/may./2024 1:59:20","S","24,73","93","Litros","2300","DIESEL",
277,"104",1020138,,"23/may./2024 21:20:00","S","24,99","160","Litros","3998,4","DIESEL",
332,"104",1019938,,"23/may./2024 6:23:00","S","25,48","133,1","Litros","3391,36","DIESEL",
276,"109",548226,,"22/may./2024 23:13:39","S","24,99","250","Litros","6248","DIESEL",
249,"105",480622,,"22/may./2024 15:44:00","N","24,99","110,03","Litros","2749,52","DIESEL",
275,"103",761123,,"22/may./2024 14:30:09","S","25,02","182","Litros","4553","DIESEL",
255,"104",1019675,,"22/may./2024 6:44:00","S","24,59","160","Litros","3934","DIESEL",
272,"108",1131778,,"22/may./2024 2:00:00","S","25,62","120","Litros","3074","DIESEL",
271,"108",1131206,,"22/may./2024 0:38:30","S","26,23","43","Litros","1128","DIESEL",
274,"109",547789,,"21/may./2024 23:57:00","S","25,68","270","Litros","6934","DIESEL",
273,"109",547789,,"21/may./2024 23:47:00","S","25,75","388","Litros","9990","DIESEL",
270,"108",1130699,,"21/may./2024 15:51:56","S","26,94","87","Litros","2344","DIESEL",
266,"107",1093516,,"21/may./2024 15:10:28","S","24,19","98","Litros","2371","DIESEL",
262,"106",449320,,"21/may./2024 14:07:22","S","25,56","90","Litros","2300","DIESEL",
265,"107",1093207,,"21/may./2024 8:12:12","S","25,27","91","Litros","2300","DIESEL",
261,"106",448811,,"21/may./2024 7:15:42","S","25,59","127","Litros","3250","DIESEL",
260,"106",448341,,"21/may./2024 0:16:34","S","23,96","73","Litros","1749","DIESEL",
269,"108",1130434,,"21/may./2024 0:16:01","S","26,23","112","Litros","2938","DIESEL",
254,"104",1019492,,"20/may./2024 22:33:15","S","23,38","77","Litros","1800","DIESEL",
268,"108",1130121,,"20/may./2024 18:36:11","S","26,5","117","Litros","3100","DIESEL",
264,"107",1092748,,"20/may./2024 18:01:23","S","25,35","81","Litros","2053","DIESEL",
259,"106",447964,,"20/may./2024 17:54:34","S","26,62","77","Litros","2050","DIESEL",
256,"105",479992,,"20/may./2024 16:31:44","S","24,27","103","Litros","2500","DIESEL",
263,"107",1092651,,"20/may./2024 15:43:57","S","25,53","94","Litros","2400","DIESEL",
258,"106",447641,,"20/may./2024 14:04:37","S","26","100","Litros","2600","DIESEL",
253,"104",1019029,,"19/may./2024 3:33:41","S","25,27","91","Litros","2300","DIESEL",
250,"101",1059771,,"18/may./2024 19:08:24","S","24,25","268","Litros","6500","DIESEL",
257,"106",447287,,"18/may./2024 18:39:18","S","26,56","104","Litros","2762","DIESEL",
252,"104",1018556,,"18/may./2024 16:11:36","S","25,2","127","Litros","3200","DIESEL",
267,"108",1129511,,"18/may./2024 15:32:54","S","24,36","120","Litros","2923","DIESEL",
251,"104",1018531,,"18/may./2024 10:58:29","S","25,64","95","Litros","2436","DIESEL",
248,"108",1128981,,"17/may./2024 17:10:30","S","25,07","115","Litros","2883","DIESEL",
247,"106",446874,,"17/may./2024 14:51:05","S","24,05","118","Litros","2838","DIESEL",
246,"107",1091807,,"17/may./2024 11:04:28","S","25,74","136","Litros","3500","DIESEL",
243,"106",446428,,"17/may./2024 2:11:22","S","24,74","97","Litros","2400","DIESEL",
236,"104",1017646,,"17/may./2024 0:44:05","S","24,99","152","Litros","3798","DIESEL",
242,"108",1128560,,"16/may./2024 23:04:16","S","24,24","66","Litros","1600","DIESEL",
241,"107",1091220,,"16/may./2024 20:04:57","S","24,27","103","Litros","2500","DIESEL",
240,"106",445951,,"16/may./2024 19:39:10","S","25,54","112","Litros","2860","DIESEL",
235,"104",1017244,,"16/may./2024 16:59:20","S","25,39","155","Litros","3935","DIESEL",
239,"108",1128455,,"16/may./2024 16:25:05","S","25","80","Litros","2000","DIESEL",
238,"106",445605,,"16/may./2024 15:27:14","S","24,27","75","Litros","1820","DIESEL",
237,"104",1016863,,"16/may./2024 2:52:29","S","25,51","98","Litros","2500","DIESEL",
234,"104",1016692,,"16/may./2024 0:06:10","S","25,79","160","Litros","4126","DIESEL",
233,"101",1058945,,"15/may./2024 23:37:59","S","25,14","83","Litros","2087","DIESEL",
232,"101",1058945,,"15/may./2024 23:32:09","S","25,31","395","Litros","9999","DIESEL",
231,"110",573298,,"15/may./2024 23:08:42","S","25,71","90","Litros","2314","DIESEL",
320,"110",573297,,"15/may./2024 22:59:00","S","25,71","389","Litros","10000","DIESEL",
230,"103",761001,,"15/may./2024 16:04:03","S","25","50","Litros","1250","DIESEL",
245,"109",545550,,"15/may./2024 15:25:46","S","25,29","85","Litros","2150","DIESEL",
244,"109",545550,,"15/may./2024 15:17:39","S","25,31","395","Litros","9999","DIESEL",
229,"107",1090885,,"15/may./2024 12:33:04","S","25,3","129","Litros","3264","DIESEL",
227,"107",1090457,,"14/may./2024 20:44:32","S","25,69","103","Litros","2646","DIESEL",
226,"108",1128227,,"14/may./2024 16:44:06","S","25,04","138","Litros","3455","DIESEL",
225,"104",1016139,,"14/may./2024 7:18:30","S","24,99","110","Litros","2749","DIESEL",
224,"105",479861,,"14/may./2024 3:39:00","S","25,65","125","Litros","3206","DIESEL",
223,"103",760414,,"14/may./2024 0:45:00","S","25,74","142","Litros","3655","DIESEL",
222,"105",479385,,"13/may./2024 17:36:40","S","26","41","Litros","1066","DIESEL",
221,"103",759995,,"13/may./2024 15:42:05","S","23,93","138","Litros","3303","DIESEL",
216,"110",572222,,"13/may./2024 2:51:54","S","25","400","Litros","9999","DIESEL",
218,"105",479301,,"13/may./2024 0:39:47","S","25,95","112","Litros","2906","DIESEL",
215,"103",759579,,"12/may./2024 16:19:00","S","25,5","143","Litros","3646","DIESEL",
219,"105",478878,,"12/may./2024 15:20:32","S","25,77","97","Litros","2500","DIESEL",
214,"110",571463,,"12/may./2024 7:22:32","S","25,7","70","Litros","1799","DIESEL",
213,"110",571463,,"12/may./2024 7:18:54","S","25,7","389","Litros","9999","DIESEL",
212,"109",544506,,"11/may./2024 16:16:52","S","24,73","33","Litros","816","DIESEL",
211,"109",544506,,"11/may./2024 16:07:54","S","24,99","400","Litros","9996","DIESEL",
210,"106",445260,,"11/may./2024 14:22:07","S","25,06","98","Litros","2456","DIESEL",
200,"103",759105,,"11/may./2024 12:42:00","S","24,59","130,37","Litros","3205,89","DIESEL",
220,"105",478415,,"11/may./2024 11:47:15","S","24,9","80","Litros","1992","DIESEL",
208,"104",1015947,,"11/may./2024 9:54:00","S","24,59","160","Litros","3934","DIESEL",
207,"104",1015529,,"11/may./2024 1:29:00","S","25,62","160","Litros","4099","DIESEL",
199,"103",758687,,"10/may./2024 23:21:00","S","25,62","166,02","Litros","4253,43","DIESEL",
206,"104",1015148,,"10/may./2024 16:55:20","S","25,29","160","Litros","4046","DIESEL",
205,"108",1127747,,"10/may./2024 13:09:37","S","25,5","103","Litros","2626","DIESEL",
204,"109",543686,,"10/may./2024 11:16:31","S","25,25","121","Litros","3055","DIESEL",
203,"109",543686,,"10/may./2024 11:10:38","S","25,31","395","Litros","9999","DIESEL",
198,"103",758225,,"10/may./2024 0:52:00","S","25,99","125,51","Litros","3262","DIESEL",
197,"108",1127457,,"09/may./2024 20:16:00","S","25,42","118","Litros","3000","DIESEL",
196,"103",757798,,"09/may./2024 19:32:00","S","25,48","225,6","Litros","5748","DIESEL",
202,"104",1014648,,"09/may./2024 17:32:00","S","25,48","160","Litros","4077","DIESEL",
201,"110",570381,,"09/may./2024 17:04:28","S","25","400","Litros","9999","DIESEL",
217,"106",444841,,"09/may./2024 10:15:22","S","25,39","96","Litros","2437","DIESEL",
194,"106",444439,,"09/may./2024 3:32:00","S","25,66","113","Litros","2900","DIESEL",
192,"108",1126953,,"08/may./2024 19:49:19","S","24,68","38","Litros","938","DIESEL",
228,"104",1014187,,"08/may./2024 18:08:00","S","24,99","160","Litros","3998,4","DIESEL",
179,"105",477981,,"08/may./2024 16:48:00","N","25,39","113,96","Litros","2893,44","DIESEL",
190,"106",443969,,"08/may./2024 15:24:00","S","23,99","96","Litros","2303","DIESEL",
189,"110",569611,,"08/may./2024 13:21:50","S","25,17","23","Litros","579","DIESEL",
188,"110",569611,,"08/may./2024 13:13:26","S","25,7","389","Litros","9999","DIESEL",
193,"103",757293,,"08/may./2024 12:04:28","S","24,59","122","Litros","3000","DIESEL",
178,"105",477607,,"07/may./2024 21:36:00","N","25,89","86,13","Litros","2230","DIESEL",
177,"103",757268,,"07/may./2024 18:01:00","N","24,48","28,6","Litros","700","DIESEL",
187,"106",443550,,"07/may./2024 17:03:25","S","25,09","121","Litros","3036","DIESEL",
185,"105",477252,,"07/may./2024 12:04:39","S","24,9","115","Litros","2864","DIESEL",
186,"106",443071,,"07/may./2024 9:34:15","S","26","100","Litros","2600","DIESEL",
184,"108",1126848,,"07/may./2024 3:37:28","S","24,99","137","Litros","3424","DIESEL",
183,"109",542673,,"06/may./2024 20:30:39","S","25","30","Litros","750","DIESEL",
182,"109",542673,,"06/may./2024 20:23:07","S","24,99","400","Litros","9996","DIESEL",
181,"106",442703,,"06/may./2024 18:30:21","S","25","52","Litros","1300","DIESEL",
180,"105",476674,,"06/may./2024 8:10:00","S","26,19","110","Litros","2881","DIESEL",
176,"105",476441,,"05/may./2024 20:06:00","S","24,43","131","Litros","3200","DIESEL",
171,"102",1008780,,"05/may./2024 8:15:00","S","25,58","88","Litros","2251","DIESEL",
170,"109",541853,,"04/may./2024 21:39:35","S","25","29","Litros","725","DIESEL",
169,"109",541853,,"04/may./2024 21:35:00","S","25,31","395","Litros","9999","DIESEL",
168,"108",1126339,,"04/may./2024 19:13:00","S","25,64","109","Litros","2795","DIESEL",
167,"102",1008395,,"04/may./2024 18:53:34","S","25,29","122","Litros","3085","DIESEL",
166,"105",475910,,"04/may./2024 14:20:54","S","26,42","85","Litros","2246","DIESEL",
165,"108",1125955,,"04/may./2024 12:37:05","S","25,29","119","Litros","3009","DIESEL",
164,"106",442493,,"04/may./2024 10:48:58","S","25","122","Litros","3050","DIESEL",
163,"110",568642,,"04/may./2024 10:27:02","S","24,99","400","Litros","9996","DIESEL",
104,"105",475516,,"04/may./2024 3:01:00","S","25,59","125,44","Litros","3210,17","DIESEL",
162,"108",1125562,,"03/may./2024 19:06:15","S","25,88","57","Litros","1475","DIESEL",
175,"105",475133,,"03/may./2024 16:59:09","S","24,19","136","Litros","3290","DIESEL",
161,"104",1013770,,"03/may./2024 15:01:41","S","25,39","160","Litros","4062","DIESEL",
160,"102",1007377,,"03/may./2024 7:27:54","S","25,07","121","Litros","3034","DIESEL",
103,"105",474521,,"03/may./2024 3:35:00","S","24,99","102,43","Litros","2559,65","DIESEL",
159,"109",540854,,"02/may./2024 21:34:28","S","25","35","Litros","875","DIESEL",
158,"109",540854,,"02/may./2024 21:29:37","S","25","400","Litros","9999","DIESEL",
174,"104",1013413,,"02/may./2024 21:21:24","S","25,83","94","Litros","2428","DIESEL",
157,"104",1013060,,"02/may./2024 11:54:12","S","24,99","160","Litros","3998","DIESEL",
173,"105",474103,,"01/may./2024 19:49:38","S","25,71","105","Litros","2700","DIESEL",
172,"108",1124870,,"01/may./2024 10:40:26","S","25,27","91","Litros","2300","DIESEL",
156,"105",473676,,"01/may./2024 10:26:55","S","23,24","129","Litros","2998","DIESEL",
155,"110",567869,,"01/may./2024 8:16:15","S","25,71","52","Litros","1337","DIESEL",
154,"110",567869,,"01/may./2024 8:10:50","S","25,7","389","Litros","9999","DIESEL",
153,"104",1012751,,"01/may./2024 6:05:58","S","25,89","79","Litros","2045","DIESEL",
152,"104",1012470,,"01/may./2024 0:42:00","S","25,62","160","Litros","4099","DIESEL",
151,"102",1006901,,"01/may./2024 0:34:00","S","25,58","98","Litros","2507","DIESEL",
145,"105",473213,,"30/abr./2024 19:30:45","S","25,62","97,58","Litros","2500","DIESEL",
144,"104",1012090,,"30/abr./2024 16:44:56","S","25,29","160","Litros","4046,4","DIESEL",
102,"101",1057878,,"30/abr./2024 16:10:00","S","24,99","388,67","Litros","9712,89","DIESEL",
143,"102",1006516,,"30/abr./2024 14:48:14","S","25,29","143,32","Litros","3624,56","DIESEL",
142,"108",1124509,,"30/abr./2024 14:11:00","S","25,31","13","Litros","329","DIESEL",
141,"109",540033,,"30/abr./2024 13:34:05","S","25,29","100,04","Litros","2530,01","DIESEL",
140,"109",540033,,"30/abr./2024 13:24:47","S","25,29","395,37","Litros","9999","DIESEL",
139,"105",472789,,"30/abr./2024 11:12:51","S","24,99","106,2","Litros","2653,94","DIESEL",
138,"106",441941,,"30/abr./2024 1:09:00","S","25,62","125,24","Litros","3208,73","DIESEL",
150,"108",1124497,,"29/abr./2024 18:25:00","S","24,99","113,5","Litros","2836,36","DIESEL",
137,"106",441479,,"29/abr./2024 16:35:06","S","25,99","111,59","Litros","2900,17","DIESEL",
136,"104",1011524,,"29/abr./2024 16:31:00","S","25,42","160","Litros","4067,2","DIESEL",
135,"103",756799,,"29/abr./2024 7:42:33","S","24,99","210,46","Litros","5259,4","DIESEL",
133,"102",1005965,,"28/abr./2024 22:35:00","S","25,42","147,6","Litros","3751,94","DIESEL",
134,"106",440989,,"28/abr./2024 15:47:53","S","25,62","122,95","Litros","3150","DIESEL",
100,"101",1056980,76,"28/abr./2024 11:57:00","S","25,29","395","Litros","9989,55","DIESEL",
101,"101",1056980,76,"28/abr./2024 0:03:00","S","25,29","59,34","Litros","1500,71","DIESEL",
132,"103",756374,,"27/abr./2024 18:43:00","S","25,62","161","Litros","4124,82","DIESEL",
131,"109",539003,,"27/abr./2024 11:34:12","S","24,99","30","Litros","749,7","DIESEL",
130,"109",539003,,"27/abr./2024 11:26:53","S","24,99","268,75","Litros","6716,06","DIESEL",
129,"106",440533,,"27/abr./2024 7:11:26","S","24,99","97,01","Litros","2424,15","DIESEL",
128,"103",755893,,"27/abr./2024 5:44:42","S","23,29","158,22","Litros","3685,04","DIESEL",
125,"110",566806,,"26/abr./2024 22:57:42","S","24,99","78,29","Litros","1956,47","DIESEL",
126,"104",1011058,,"26/abr./2024 22:56:34","S","24,99","160","Litros","3998,4","DIESEL",
124,"110",566806,,"26/abr./2024 22:46:09","S","24,99","400","Litros","9996","DIESEL",
123,"106",440125,,"26/abr./2024 19:01:03","S","25,39","119,01","Litros","3021,66","DIESEL",
122,"104",1010506,,"26/abr./2024 10:28:05","S","25,99","160","Litros","4158,4","DIESEL",
127,"103",755473,,"26/abr./2024 2:35:00","S","25,39","118,16","Litros","3000","DIESEL",
121,"107",1090039,,"26/abr./2024 2:17:16","S","25,69","147,76","Litros","3795,95","DIESEL",
120,"104",1010282,,"25/abr./2024 23:50:15","S","25,49","90,23","Litros","2300","DIESEL",
119,"106",439718,,"25/abr./2024 22:26:07","S","25,49","105,92","Litros","2700","DIESEL",
117,"109",538484,,"25/abr./2024 15:50:17","S","25,39","50","Litros","1269,5","DIESEL",
116,"109",538484,,"25/abr./2024 15:43:10","S","25,39","393,81","Litros","9999","DIESEL",
118,"103",754957,,"25/abr./2024 15:42:03","S","25,29","101,4","Litros","2564,46","DIESEL",
146,"101",1056009,,"25/abr./2024 14:23:00","S","24,99","400","Litros","9996","DIESEL",
115,"104",1009931,,"25/abr./2024 13:29:14","S","24,99","160","Litros","3998,4","DIESEL",
114,"102",1005415,,"25/abr./2024 3:17:10","S","24,99","97,9","Litros","2446,52","DIESEL",
113,"110",565991,,"25/abr./2024 1:24:45","S","25,69","80,01","Litros","2055,48","DIESEL",
112,"110",565991,,"25/abr./2024 1:18:43","S","25,69","389,22","Litros","9999","DIESEL",
109,"104",1009524,,"24/abr./2024 15:31:53","S","25,39","160","Litros","4062,4","DIESEL",
149,"105",472632,,"24/abr./2024 15:04:00","S","24,99","130","Litros","3248,7","DIESEL",
108,"102",1005009,,"24/abr./2024 14:57:40","S","25,39","105,32","Litros","2674,05","DIESEL",
107,"103",754602,,"24/abr./2024 14:54:12","S","24,99","140,36","Litros","3507,6","DIESEL",
89,"107",1089380,,"24/abr./2024 14:04:00","S","24,99","65,65","Litros","1640,59","DIESEL",
106,"109",537480,,"24/abr./2024 7:13:09","S","25,29","50","Litros","1264,5","DIESEL",
105,"109",537480,,"24/abr./2024 7:06:10","S","25,29","395,37","Litros","9999","DIESEL",
111,"104",1009139,,"24/abr./2024 1:26:43","S","25,49","90,23","Litros","2300","DIESEL",
110,"102",1004720,,"24/abr./2024 1:21:38","S","25,49","90,23","Litros","2300","DIESEL",
148,"101",1055178,,"23/abr./2024 18:09:00","S","25,22","18","Litros","454","DIESEL",
147,"101",1055178,,"23/abr./2024 18:04:00","S","25,29","395,37","Litros","9999","DIESEL",
99,"102",1004312,,"23/abr./2024 14:14:04","S","25,22","46","Litros","1160","DIESEL",
98,"110",565088,,"23/abr./2024 2:57:00","S","25,2","110","Litros","2772","DIESEL",
97,"110",565088,,"23/abr./2024 2:50:00","S","25,23","396","Litros","9990","DIESEL",
96,"106",439304,,"22/abr./2024 17:00:39","S","24,62","29","Litros","714","DIESEL",
95,"101",1054278,,"20/abr./2024 12:34:00","S","24,58","31","Litros","762","DIESEL",
94,"101",1054278,,"20/abr./2024 12:31:00","S","24,99","400","Litros","9996","DIESEL",
93,"110",564116,,"20/abr./2024 3:01:02","S","25,69","65","Litros","1670","DIESEL",
92,"110",564116,,"20/abr./2024 2:54:09","S","25,7","389","Litros","9999","DIESEL",
91,"109",536461,,"19/abr./2024 21:33:44","S","25,22","51","Litros","1286","DIESEL",
90,"109",536461,,"19/abr./2024 21:28:12","S","25","400","Litros","9999","DIESEL",
83,"103",754153,,"19/abr./2024 2:46:00","S","25,42","164,39","Litros","4178,9","DIESEL",
82,"104",1008670,,"18/abr./2024 21:56:00","S","24,99","160","Litros","3998,4","DIESEL",
81,"102",1004206,,"18/abr./2024 15:39:00","S","24,99","134,86","Litros","3370,03","DIESEL",
87,"101",1053457,,"18/abr./2024 15:13:00","S","25,29","41,09","Litros","1039,17","DIESEL",
86,"101",1053457,,"18/abr./2024 15:08:00","S","25,29","395,37","Litros","9999","DIESEL",
85,"103",753474,,"18/abr./2024 14:03:00","S","23,29","149,36","Litros","3478,59","DIESEL",
80,"110",563033,,"17/abr./2024 23:50:00","S","24,99","380,34","Litros","9504,7","DIESEL",
84,"103",753320,,"17/abr./2024 17:23:00","S","25,12","151,85","Litros","3814,52","DIESEL",
79,"109",535646,,"17/abr./2024 13:26:00","S","25,23","35","Litros","883","DIESEL",
78,"109",535646,,"17/abr./2024 13:20:00","S","25,19","396,94","Litros","9999","DIESEL",
88,"106",439243,,"16/abr./2024 23:40:00","S","24,99","105,13","Litros","2627,12","DIESEL",
74,"107",1089240,,"16/abr./2024 12:41:00","S","24,99","83,55","Litros","2087,91","DIESEL",
76,"103",753212,,"16/abr./2024 11:37:00","S","24,99","49,21","Litros","1229,76","DIESEL",
75,"105",472200,,"15/abr./2024 23:10:00","S","24,99","100,01","Litros","2499,25","DIESEL",
77,"101",1052468,,"15/abr./2024 20:39:00","S","24,99","366,07","Litros","9148,09","DIESEL",
73,"101",1051655,,"14/abr./2024 16:49:00","S","25,19","41,23","Litros","1038,58","DIESEL",
72,"101",1051655,,"14/abr./2024 16:46:00","S","25,19","396,94","Litros","9999","DIESEL",
71,"102",1003616,,"14/abr./2024 3:54:00","S","25,22","132,19","Litros","3333,91","DIESEL",
70,"102",1003193,,"13/abr./2024 14:26:00","S","23,29","98,11","Litros","2284,87","DIESEL",
69,"102",1002683,,"12/abr./2024 21:56:00","S","25,03","99,13","Litros","2481,1","DIESEL",
68,"109",534734,,"12/abr./2024 18:37:00","S","24,99","35","Litros","874,65","DIESEL",
67,"109",534734,,"12/abr./2024 18:30:00","S","24,99","400","Litros","9996","DIESEL",
66,"105",471851,,"12/abr./2024 16:28:00","S","24,99","120,19","Litros","3003,55","DIESEL",
51,"102",1002212,,"12/abr./2024 7:02:00","S","24,99","114,9","Litros","2871,35","DIESEL",
50,"104",1008472,,"12/abr./2024 2:31:00","S","24,99","160","Litros","3998,4","DIESEL",
49,"106",438778,,"11/abr./2024 15:28:00","S","25,39","113,24","Litros","2875,21","DIESEL",
48,"101",1050625,,"11/abr./2024 14:13:00","S","24,99","239,73","Litros","5990,85","DIESEL",
47,"101",1050625,,"11/abr./2024 14:06:00","S","24,99","400","Litros","9996","DIESEL",
59,"105",471391,04,"11/abr./2024 2:39:25","S","25,15","119,28","Litros","3000","DIESEL",
46,"110",562265,,"11/abr./2024 0:39:00","S","25,29","60,02","Litros","1517,83","DIESEL",
45,"110",562265,,"11/abr./2024 0:33:00","S","25,29","395,37","Litros","9999","DIESEL",
44,"104",1008070,,"10/abr./2024 20:11:00","S","25,39","160","Litros","4062,4","DIESEL",
43,"109",533898,,"10/abr./2024 20:10:00","S","25,19","75,02","Litros","1889,75","DIESEL",
42,"109",533898,,"10/abr./2024 20:01:00","S","25,19","396,94","Litros","9999","DIESEL",
65,"106",438416,11,"10/abr./2024 19:16:00","S","26,84","111,77","Litros","3000","DIESEL",
64,"106",437973,77,"10/abr./2024 14:07:00","S","23,39","136,81","Litros","3200","DIESEL",
22,"105",470839,,"10/abr./2024 10:41:00","S","23,29","130","Litros","3027,7","DIESEL",
16,"103",752745,,"10/abr./2024 10:15:00","S","24,99","123,84","Litros","3094,76","DIESEL",
12,"107",1088959,,"10/abr./2024 3:58:00","S","25,79","149,45","Litros","3854,21","DIESEL",
63,"106",437530,86,"10/abr./2024 0:51:00","S","26,37","106,94","Litros","2820","DIESEL",
58,"105",470370,72,"10/abr./2024 0:32:05","S","25,15","87,48","Litros","2200","DIESEL",
57,"104",1007694,4,"09/abr./2024 23:07:45","N","25,49","58,85","Litros","1500","DIESEL",
3,"106",437000,,"09/abr./2024 18:12:00","S","25,49","58,85","Litros","1500","DIESEL",
62,"106",436991,,"09/abr./2024 18:07:00","N","25,49","56,81","Litros","1448","DIESEL",
11,"107",1088344,,"09/abr./2024 16:39:00","S","24,98","116,78","Litros","2917,16","DIESEL",
21,"105",469956,,"09/abr./2024 11:16:00","S","24,99","130","Litros","3248,7","DIESEL",
34,"109",532897,,"09/abr./2024 9:43:00","S","24,99","388,17","Litros","9700,37","DIESEL",
10,"107",1087909,,"08/abr./2024 21:44:00","S","24,98","125,88","Litros","3144,48","DIESEL",
15,"103",752321,4,"08/abr./2024 20:19:00","S","25,12","224,01","Litros","5627,03","DIESEL",
19,"104",1007322,,"08/abr./2024 15:22:00","S","24,79","160","Litros","3966,4","DIESEL",
23,"106",436624,,"08/abr./2024 15:08:00","S","24,79","90","Litros","2231,1","DIESEL",
61,"103",751589,47,"08/abr./2024 11:48:00","S","24,99","120,05","Litros","3000","DIESEL",
41,"110",561183,,"07/abr./2024 23:57:00","S","24,79","50,23","Litros","1245,2","DIESEL",
40,"110",561183,,"07/abr./2024 23:51:00","S","24,79","403,35","Litros","9999","DIESEL",
60,"103",751004,63,"07/abr./2024 15:31:00","S","24,99","116,05","Litros","2900","DIESEL",
6,"101",1049804,,"07/abr./2024 9:56:00","S","24,98","82,39","Litros","2058,1","DIESEL",
5,"101",1049804,,"07/abr./2024 9:48:00","S","24,98","400","Litros","9992","DIESEL",
27,"108",1124044,,"06/abr./2024 23:49:00","S","25,12","108,01","Litros","2713,26","DIESEL",
33,"109",532084,,"06/abr./2024 14:31:00","S","24,98","90,01","Litros","2248,45","DIESEL",
32,"109",532084,,"06/abr./2024 14:21:00","S","24,98","400","Litros","9992","DIESEL",
26,"108",1123660,,"06/abr./2024 14:20:00","S","24,98","121,58","Litros","3037,07","DIESEL",
9,"107",1087251,,"06/abr./2024 6:48:00","S","24,79","81,78","Litros","2027,33","DIESEL",
18,"104",1006846,,"06/abr./2024 4:25:00","S","25,12","160","Litros","4019,2","DIESEL",
39,"110",560279,,"06/abr./2024 1:04:00","S","24,98","75","Litros","1873,55","DIESEL",
38,"110",560279,,"06/abr./2024 0:57:00","S","24,98","400","Litros","9992,05","DIESEL",
56,"107",1086912,19,"06/abr./2024 0:55:35","S","24,99","116,05","Litros","2900,09","DIESEL",
25,"108",1123193,,"05/abr./2024 18:14:00","S","25,03","130,26","Litros","3260,46","DIESEL",
55,"104",1006384,,"05/abr./2024 17:24:40","S","24,99","116,05","Litros","2900","DIESEL",
8,"107",1086487,,"05/abr./2024 17:23:00","S","24,98","135,49","Litros","3384,54","DIESEL",
54,"105",469520,15,"05/abr./2024 16:05:36","S","24,45","81,8","Litros","2000","DIESEL",
4,"101",1048750,,"04/abr./2024 20:22:00","N","24,79","390,15","Litros","9671,82","DIESEL",
53,"104",1006000,,"04/abr./2024 18:59:00","S","24,79","100,85","Litros","2500","DIESEL",
7,"107",1086035,,"04/abr./2024 16:35:00","N","25,59","141,38","Litros","3617,89","DIESEL",
14,"103",750606,6,"04/abr./2024 14:23:00","S","24,79","127,04","Litros","3149,32","DIESEL",
20,"105",468971,,"04/abr./2024 14:05:00","S","24,79","42,11","Litros","1043,78","DIESEL",
52,"107",1084985,,"03/abr./2024 22:47:00","S","25,39","114,22","Litros","2900","DIESEL",
37,"110",559180,,"03/abr./2024 20:47:00","S","24,79","400","Litros","9916","DIESEL",
17,"104",1005471,,"03/abr./2024 19:40:00","S","24,79","160","Litros","3966,4","DIESEL",
24,"108",1122699,,"03/abr./2024 15:13:00","S","24,79","50,02","Litros","1240","DIESEL",
13,"102",1001762,,"03/abr./2024 15:04:00","S","24,79","85,27","Litros","2113,84","DIESEL",
31,"109",531081,,"03/abr./2024 14:31:00","S","24,79","49,99","Litros","1239,25","DIESEL",
30,"109",531081,,"03/abr./2024 14:25:00","S","24,79","400","Litros","9916","DIESEL",
2,"107",1084985,,"03/abr./2024 9:40:00","N","24,79","39,07","Litros","968,55","DIESEL",
29,"109",530263,,"02/abr./2024 18:51:00","S","24,98","37,54","Litros","937,75","DIESEL",
28,"109",530263,,"02/abr./2024 18:44:00","S","24,98","400","Litros","9992","DIESEL",
36,"110",558302,,"01/abr./2024 12:44:00","S","24,98","40,05","Litros","1000,45","DIESEL",
35,"110",558302,,"01/abr./2024 12:39:00","S","24,98","400","Litros","9992,05","DIESEL",
